;------------------------------------------------------------
;怪怪原创版本 QQ:493317334 内挂物品过滤配置文件
;------------------------------------------------------------
;物品类型	物品名称	极品显示	自动捡取	显示名称
1	白日门火球术	0	0	0
1	白日门治愈术	0	0	0
1	白日门剑术	0	0	0
1	白日门战法	0	1	1
1	白日门大火球	0	1	1
1	白日门施毒术	0	1	1
1	白日门攻杀	0	1	1
1	白日门抗拒	0	1	1
1	白日门地狱火	0	1	1
1	白日门疾光	0	1	1
1	白日门雷电术	0	1	1
1	白日门刺杀	0	1	1
1	白日门火符	0	1	1
1	白日门幽灵盾	0	1	1
1	白日门战甲术	0	1	1
1	白日门困魔咒	0	1	1
1	白日门骷髅术	0	1	1
1	白日门隐身	0	1	1
1	白日门群隐	0	1	1
1	白日门诱惑术	0	1	1
1	白日门瞬移	0	1	1
1	白日门火墙	0	1	1
1	白日门爆裂	0	1	1
1	白日门雷光	0	1	1
1	白日门半月	0	1	1
1	白日门烈火	0	1	1
1	白日门野蛮	0	1	1
1	白日门启示	0	1	1
1	白日门群疗	0	1	1
1	白日门神兽术	0	1	1
1	白日门魔法盾	0	1	1
1	白日门圣言术	0	1	1
1	白日门冰咆哮	0	1	1
1	白日门四级烈火	0	1	1
1	白日门狮子吼	0	1	1
1	开天斩	0	1	1
1	白日门寒冰掌	0	1	1
1	白日门灭天火	0	1	1
1	分身术	0	1	1
1	白日门四级灭天	0	1	1
1	白日门气功波	0	1	1
1	白日门四级火符	0	1	1
1	白日门真气	0	1	1
1	白日门火雨	0	1	1
1	白日门噬血术	0	1	1
1	破魂斩	0	1	1
1	劈星斩	0	1	1
1	雷霆一击	0	1	1
1	噬魂沼泽	0	1	1
1	末日审判	0	1	1
1	火龙气焰	0	1	1
1	白日门四级盾	0	1	1
1	召唤月灵	0	1	1
1	白日门逐日	0	1	1
1	白日门四级剑术	0	1	1
1	白日门四级刺杀	0	1	1
1	白日门圆月弯刀	0	1	1
1	白日门四级雷电	0	1	1
1	白日门四级火雨	0	1	1
1	白日门四级施毒	0	1	1
1	白日门四级噬血	0	1	1
1	白日门血魄(战)	0	1	1
1	白日门血魄(法)	0	1	1
1	白日门血魄(道)	0	1	1
1	召唤火灵	0	1	1
1	怒之攻杀	0	1	1
1	静之攻杀	0	1	1
1	怒之半月	0	1	1
1	静之半月	0	1	1
1	怒之烈火	0	1	1
1	静之烈火	0	1	1
1	怒之逐日	0	1	1
1	静之逐日	0	1	1
1	怒之火球	0	1	1
1	静之火球	0	1	1
1	怒之大火球	0	1	1
1	静之大火球	0	1	1
1	怒之火墙	0	1	1
1	静之火墙	0	1	1
1	怒之地狱火	0	1	1
1	静之地狱火	0	1	1
1	怒之疾光电影	0	1	1
1	静之疾光电影	0	1	1
1	怒之爆裂火焰	0	1	1
1	静之爆裂火焰	0	1	1
1	怒之冰咆哮	0	1	1
1	静之冰咆哮	0	1	1
1	怒之雷电	0	1	1
1	静之雷电	0	1	1
1	怒之地狱雷光	0	1	1
1	静之地狱雷光	0	1	1
1	怒之寒冰掌	0	1	1
1	静之寒冰掌	0	1	1
1	怒之灭天火	0	1	1
1	静之灭天火	0	1	1
1	怒之火符	0	1	1
1	静之火符	0	1	1
1	怒之噬血	0	1	1
1	静之噬血	0	1	1
1	怒之流星火雨	0	1	1
1	静之流星火雨	0	1	1
1	怒之内功剑法	0	1	1
1	静之内功剑法	0	1	1
1	怒之施毒术	0	1	1
1	静之施毒术	0	1	1
1	怒之月灵	0	1	1
1	静之月灵	0	1	1
1	静之冰冻	0	1	1
1	火球术	0	0	0
1	治愈术	0	0	0
1	基本剑术	0	0	0
1	精神力战法	0	1	1
1	大火球	0	1	1
1	攻杀剑术	0	1	1
1	施毒术	0	1	1
1	抗拒火环	0	1	1
1	地狱火	0	1	1
1	雷电术	0	1	1
1	疾光电影	0	1	1
1	灵魂火符	0	1	1
1	幽灵盾	0	1	1
1	神圣战甲术	0	1	1
1	刺杀剑术	0	1	1
1	困魔咒	0	1	1
1	召唤骷髅	0	1	1
1	隐身术	0	1	1
1	集体隐身术	0	1	1
1	诱惑之光	0	1	1
1	瞬息移动	0	1	1
1	火墙	0	1	1
1	爆裂火焰	0	1	1
1	地狱雷光	0	1	1
1	半月弯刀	0	1	1
1	烈火剑法	0	1	1
1	野蛮冲撞	0	1	1
1	心灵启示	0	1	1
1	群体治愈术	0	1	1
1	召唤神兽	0	1	1
1	魔法盾	0	1	1
1	圣言术	0	1	1
1	冰咆哮	0	1	1
1	狮子吼	0	1	1
1	寒冰掌	0	1	1
1	灭天火	0	1	1
1	气功波	0	1	1
1	无极真气	0	1	1
1	流星火雨	0	1	1
1	噬血术	0	1	1
1	四级魔法盾	0	1	1
1	召唤圣兽	0	1	1
1	逐日剑法	0	1	1
1	四级基本剑术	0	1	1
1	四级刺杀剑术	0	1	1
1	圆月弯刀	0	1	1
1	四级雷电术	0	1	1
1	四级流星火雨	0	1	1
1	四级施毒术	0	1	1
1	四级噬血术	0	1	1
1	血魄一击(战)	0	1	1
1	血魄一击(法)	0	1	1
1	血魄一击(道)	0	1	1
1	四级烈火剑法	0	1	1
1	四级灭天火	0	1	1
1	四级灵魂火符	0	1	1
1	肉	0	0	0
1	鸡肉	0	0	0
2	干肉	0	0	0
2	包子	0	0	0
7	蜡烛	0	0	0
7	火把	0	0	0
7	火炬	0	1	1
1	食人树叶	0	1	1
1	毒蜘蛛牙齿	0	1	1
1	食人树的果实	0	1	1
1	蝎子的尾巴	0	1	1
1	蛆卵	0	1	1
1	沃玛号角	0	1	1
1	祖玛头像	0	1	1
1	修复油	0	0	0
1	战神油	0	1	1
1	祝福油	0	1	1
1	随机传送卷	0	0	0
1	地牢逃脱卷	0	0	0
1	回城卷	0	1	1
1	行会回城卷	0	0	0
1	随机传送卷包	0	0	0
1	地牢逃脱卷包	0	0	0
1	回城卷包	0	1	1
1	行会回城卷包	0	0	0
2	护身符	0	0	0
2	护身符(大)	0	0	0
2	超级护身符	0	1	1
2	灰色药粉(少量)	0	0	0
2	灰色药粉(中量)	0	0	0
2	灰色药粉(大量)	0	0	0
2	超级灰色药粉	0	1	1
2	黄色药粉(少量)	0	0	0
2	黄色药粉(中量)	0	0	0
2	黄色药粉(大量)	0	0	0
2	超级黄色药粉	0	1	1
2	许中医的药1	0	1	1
2	许中医的药2	0	1	1
2	许中医的药3	0	1	1
1	药剂师的信	0	1	1
1	命运之书	0	1	1
1	金条	0	1	1
1	金砖	0	1	1
1	金盒	0	1	1
1	宝箱	0	1	1
1	骰子	0	1	1
1	木料	0	1	1
1	彩票	0	1	1
1	佛牌	0	1	1
1	介绍信	0	1	1
1	薄荷叶	0	1	1
1	山洞凭证	0	1	1
1	筹码	0	1	1
1	筹码包	0	1	1
1	赤血魔剑碎片	0	1	1
1	命运水晶	0	1	1
1	邪恶巨人心脏	0	1	1
1	赤月恶魔油	0	1	1
1	勋章之心	0	1	1
1	绿宝石矿	0	1	1
1	紫水晶矿	0	1	1
1	幸运礼袋	0	1	1
2	修复神水	0	1	1
1	千里传音(小)	0	1	1
1	千里传音(大)	0	1	1
1	传音筒	0	1	1
1	极品烟花	0	1	1
1	个性发型	0	1	1
1	反璞归真	0	1	1
1	玄绿	0	1	1
1	玄紫	0	1	1
1	玄褐	0	1	1
1	双倍卷轴	0	1	1
1	双倍秘籍	0	1	1
1	四倍卷轴	0	1	1
1	四倍秘籍	0	1	1
2	虎卫卷轴	0	1	1
2	召唤强化卷	0	1	1
1	攻击神水	0	1	1
1	魔力神水	0	1	1
1	精神神水	0	1	1
1	极速神水	0	1	1
1	体力强效神水	0	1	1
1	魔力强效神水	0	1	1
1	苹果	0	1	1
1	新手魔血石	0	1	1
1	气血石(小)	0	1	1
1	气血石(中)	0	1	1
1	气血石(大)	0	1	1
1	幻魔石(小)	0	1	1
1	幻魔石(中)	0	1	1
1	幻魔石(大)	0	1	1
1	魔血石(小)	0	1	1
1	魔血石(中)	0	1	1
1	魔血石(大)	0	1	1
2	新手随机石	0	1	1
2	随机传送石	0	1	1
2	新手回城石	0	1	1
2	回城石	0	1	1
2	太阳水捆药绳	0	1	1
2	雪霜捆药绳	0	1	1
2	疗伤药捆药绳	0	1	1
1	藏宝图001	0	1	1
1	藏宝图002	0	1	1
1	藏宝图003	0	1	1
1	藏宝图004	0	1	1
1	藏宝图005	0	1	1
1	藏宝图006	0	1	1
1	藏宝图007	0	1	1
1	藏宝图008	0	1	1
1	藏宝图009	0	1	1
1	藏宝图010	0	1	1
1	藏宝图011	0	1	1
1	藏宝图012	0	1	1
1	藏宝图013	0	1	1
1	藏宝图014	0	1	1
1	藏宝图015	0	1	1
1	藏宝图016	0	1	1
1	藏宝图017	0	1	1
1	藏宝图018	0	1	1
1	藏宝图019	0	1	1
1	藏宝图020	0	1	1
1	藏宝图101	0	1	1
1	藏宝图102	0	1	1
1	藏宝图103	0	1	1
1	藏宝图104	0	1	1
1	藏宝图105	0	1	1
1	藏宝图106	0	1	1
1	藏宝图107	0	1	1
1	藏宝图108	0	1	1
1	藏宝图109	0	1	1
1	藏宝图110	0	1	1
1	藏宝图111	0	1	1
1	藏宝图112	0	1	1
1	藏宝图113	0	1	1
1	藏宝图114	0	1	1
1	藏宝图115	0	1	1
1	藏宝图116	0	1	1
1	藏宝图117	0	1	1
1	藏宝图118	0	1	1
1	藏宝图119	0	1	1
1	藏宝图120	0	1	1
1	藏宝图201	0	1	1
1	藏宝图202	0	1	1
1	藏宝图203	0	1	1
1	藏宝图204	0	1	1
1	藏宝图205	0	1	1
1	藏宝图206	0	1	1
1	藏宝图207	0	1	1
1	藏宝图208	0	1	1
1	藏宝图209	0	1	1
1	藏宝图210	0	1	1
1	藏宝图211	0	1	1
1	藏宝图212	0	1	1
1	藏宝图213	0	1	1
1	藏宝图214	0	1	1
1	藏宝图215	0	1	1
1	藏宝图216	0	1	1
1	藏宝图217	0	1	1
1	藏宝图218	0	1	1
1	藏宝图219	0	1	1
1	藏宝图220	0	1	1
1	藏宝图301	0	1	1
1	藏宝图302	0	1	1
1	藏宝图303	0	1	1
1	藏宝图304	0	1	1
1	藏宝图305	0	1	1
1	藏宝图306	0	1	1
1	藏宝图307	0	1	1
1	藏宝图308	0	1	1
1	藏宝图309	0	1	1
1	藏宝图310	0	1	1
1	藏宝图311	0	1	1
1	藏宝图312	0	1	1
1	藏宝图313	0	1	1
1	藏宝图314	0	1	1
1	藏宝图315	0	1	1
1	藏宝图316	0	1	1
1	藏宝图317	0	1	1
1	藏宝图318	0	1	1
1	藏宝图319	0	1	1
1	藏宝图320	0	1	1
1	藏宝图321	0	1	1
1	藏宝图322	0	1	1
1	藏宝图323	0	1	1
1	藏宝图324	0	1	1
1	藏宝图325	0	1	1
1	藏宝图326	0	1	1
2	火云石碎片	0	1	1
2	火云石	0	1	1
1	火云晶石	0	1	1
1	魔龙冰晶	0	1	1
1	弩牌	0	1	1
1	火龙凭证	0	1	1
1	龙魂	0	1	1
1	千年蛛丝	0	1	1
1	白日门令牌	0	1	1
1	白日门门主信物	0	1	1
1	龙人信物	0	1	1
1	水晶	0	1	1
1	五毒解药	0	1	1
1	西瓜	0	1	1
1	小块西瓜	0	1	1
1	酒	0	1	1
1	陈年桂花香	0	1	1
1	门主书信	0	1	1
1	下了毒的西瓜	0	1	1
1	密函	0	1	1
1	密探的信	0	1	1
1	花叶酒	0	1	1
3	凤凰羽衣	0	1	1
1	白玉戒指	0	1	1
1	神医药具	0	1	1
1	地苦胆	0	1	1
1	四叶参	0	1	1
1	铁树果	0	1	1
1	阴阳仙草	0	1	1
1	紫背天葵	0	1	1
1	九花雪露	0	1	1
1	九花玉露	0	1	1
1	元神丹	0	1	1
1	回气膏	0	1	1
1	黄色马枝花	0	1	1
1	罗布麻叶	0	1	1
1	黄金钥匙	0	1	1
1	红色夜明珠	0	1	1
1	橙色夜明珠	0	1	1
1	黄色夜明珠	0	1	1
1	绿色夜明珠	0	1	1
1	蓝色夜明珠	0	1	1
1	庄主令牌	0	1	1
1	宝藏钥匙	0	1	1
1	火龙珠	0	1	1
1	矿洞组队卷轴	0	1	1
1	神殿组队卷轴	0	1	1
1	邪窟组队卷轴	0	1	1
1	地穴组队卷轴	0	1	1
1	石墓组队卷轴	0	1	1
1	一心一意包	0	1	1
1	心心相印包	0	1	1
1	飞火流星包	0	1	1
1	浪漫星雨包	0	1	1
1	绮梦幻想包	0	1	1
1	长空火舞包	0	1	1
1	如雾似梦包	0	1	1
1	一心一意	0	1	1
1	心心相印	0	1	1
1	飞火流星	0	1	1
1	浪漫星雨	0	1	1
1	绮梦幻想	0	1	1
1	长空火舞	0	1	1
1	如雾似梦	0	1	1
1	魔族指令书	0	1	1
1	吉祥果	0	1	1
1	金鱼钱币	0	1	1
1	烟花	0	1	1
2	霹雳弹(小)	0	1	1
2	霹雳弹(中)	0	1	1
2	霹雳弹(大)	0	1	1
2	天雷弹(小)	0	1	1
2	天雷弹(中)	0	1	1
2	天雷弹(大)	0	1	1
2	超级天雷弹	0	1	1
1	烧酒	0	1	1
1	1元宝	0	1	1
1	2元宝	0	1	1
1	5元宝	0	1	1
1	10元宝	0	1	1
1	20元宝	0	1	1
1	50元宝	0	1	1
1	100元宝	0	1	1
1	200元宝	0	1	1
1	500元宝	0	1	1
1	1000元宝	0	1	1
1	庆典蛋糕	0	1	1
1	超级祝福油	0	1	1
2	祝福罐	0	1	1
2	魔令包	0	1	1
6	聚灵珠(小)	0	1	1
6	聚灵珠(大)	0	1	1
6	英雄聚灵珠(小)	0	1	1
6	英雄聚灵珠(大)	0	1	1
6	内功珠(微)	0	1	1
6	内功珠(小)	0	1	1
6	内功珠(中)	0	1	1
6	内功珠(大)	0	1	1
1	金牌凭证	0	1	1
1	热血积分	0	1	1
1	热血积分包	0	1	1
1	热血凭证	0	1	1
1	白金积分	0	1	1
1	白金积分包	0	1	1
1	白金凭证	0	1	1
1	白金令牌	0	1	1
1	檀木宝箱	0	1	1
1	紫铜宝箱	0	1	1
1	白银宝箱	0	1	1
1	赤金宝箱	0	1	1
1	神秘宝箱	0	1	1
1	木箱钥匙	0	1	1
1	紫铜钥匙	0	1	1
1	白银钥匙	0	1	1
1	赤金钥匙	0	1	1
1	神秘钥匙	0	1	1
2	金创药(小量)	0	0	0
2	魔法药(小量)	0	0	0
2	金创药(中量)	0	0	0
2	魔法药(中量)	0	0	0
2	强效金创药	0	0	0
2	强效魔法药	0	0	0
2	特效金创药	0	1	1
2	特效魔法药	0	1	1
2	太阳水	0	0	0
2	强效太阳水	0	1	1
2	万年雪霜	0	1	1
2	疗伤药	0	1	1
1	金创药(小)包	0	0	0
1	魔法药(小)包	0	0	0
1	金创药(中)包	0	0	0
1	魔法药(中)包	0	0	0
1	超级金创药	0	0	0
1	超级魔法药	0	0	0
1	特效金创药包	0	1	1
1	特效魔法药包	0	1	1
1	强效太阳水包	0	1	1
1	万年雪霜包	0	1	1
1	疗伤药包	0	1	1
1	超级疗伤药	0	1	1
2	特殊药水	0	1	1
2	鹿茸	0	1	1
2	神水	0	1	1
2	鹿血	0	1	1
1	铜矿	0	0	0
1	铁矿	0	0	0
1	银矿	0	0	0
1	金矿	0	1	1
1	黑铁矿石	0	1	1
3	布衣(男)	0	0	0
3	布衣(女)	0	0	0
4	木剑	0	0	0
4	铁剑	0	0	0
4	青铜剑	0	0	0
3	轻型盔甲(男)	0	1	1
3	轻型盔甲(女)	0	1	1
4	凝霜	0	1	1
4	短剑	0	0	0
4	青铜斧	0	0	0
3	重盔甲(女)	0	1	1
3	魔法长袍(女)	0	1	1
3	灵魂战衣(女)	0	1	1
3	重盔甲(男)	0	1	1
3	魔法长袍(男)	0	1	1
3	灵魂战衣(男)	0	1	1
4	匕首	0	0	0
4	井中月	0	1	1
4	银蛇	0	1	1
4	海魂	0	1	1
4	修罗	0	1	1
4	炼狱	0	1	1
4	凌风	0	1	1
4	破魂	0	1	1
4	斩马刀	0	1	1
5	古铜戒指	0	0	0
3	青铜头盔	0	0	0
5	金项链	0	0	0
5	铁手镯	0	0	0
4	乌木剑	0	1	1
4	魔杖	0	1	1
4	八荒	0	1	1
5	玻璃戒指	0	0	0
5	牛角戒指	0	0	0
5	蓝色水晶戒指	0	1	1
5	六角戒指	0	0	0
5	黑檀项链	0	1	1
5	黄色水晶项链	0	1	1
5	黑色水晶项链	0	1	1
3	魔法头盔	0	1	1
4	半月	0	1	1
5	皮制手套	0	1	1
5	坚固手套	0	1	1
5	钢手镯	0	1	1
5	生铁戒指	0	1	1
5	金戒指	0	1	1
5	灯笼项链	0	1	1
5	白色虎齿项链	0	1	1
5	魅力戒指	0	1	1
5	道德戒指	0	1	1
5	白金项链	0	1	1
5	降妖除魔戒指	0	1	1
5	躲避手链	0	1	1
4	偃月	0	1	1
4	降魔	0	1	1
5	传统项链	0	0	0
5	小手镯	0	0	0
5	银手镯	0	0	0
5	大手镯	0	1	1
4	鹤嘴锄	0	1	1
5	隐身戒指	0	1	1
5	黑色水晶戒指	0	1	1
5	魔鬼项链	0	1	1
5	珊瑚戒指	0	1	1
5	蓝翡翠项链	0	1	1
5	蛇眼戒指	0	1	1
5	琥珀项链	0	1	1
5	放大镜	0	1	1
5	红宝石戒指	0	1	1
5	珍珠戒指	0	1	1
5	竹笛	0	1	1
5	铂金戒指	0	1	1
5	骷髅戒指	0	1	1
5	龙之戒指	0	1	1
5	死神手套	0	1	1
3	骷髅头盔	0	1	1
5	魔法手镯	0	1	1
5	金手镯	0	1	1
3	道士头盔	0	1	1
5	传送戒指	0	1	1
5	骑士手镯	0	1	1
5	绿色项链	0	1	1
5	凤凰明珠	0	1	1
5	道士手镯	0	1	1
5	三眼手镯	0	1	1
5	灵魂项链	0	1	1
5	黑檀手镯	0	1	1
5	思贝儿手镯	0	1	1
5	恶魔铃铛	0	1	1
5	麻痹戒指	0	1	1
5	魔道麻痹戒指	0	1	1
5	复活戒指	0	1	1
5	火焰戒指	0	1	1
5	防御戒指	0	1	1
5	愤怒戒指	0	1	1
5	护身戒指	0	1	1
5	超负载戒指	0	1	1
5	技巧项链	0	1	1
5	狂风戒指	0	1	1
5	夏普儿手镯	0	1	1
5	狂风项链	0	1	1
5	辟邪手镯	0	1	1
5	探测项链	0	1	1
4	无极棍	0	1	1
4	血饮	0	1	1
4	裁决之杖	0	1	1
5	记忆戒指	0	1	1
5	记忆项链	0	1	1
5	记忆手镯	0	1	1
3	记忆头盔	0	1	1
4	祈祷之刃	0	1	1
5	祈祷手镯	0	1	1
5	祈祷项链	0	1	1
5	祈祷戒指	0	1	1
3	祈祷头盔	0	1	1
5	生命项链	0	1	1
5	力量戒指	0	1	1
5	心灵手镯	0	1	1
3	黑铁头盔	0	1	1
4	落魄神兵	0	1	1
3	中型盔甲(男)	0	1	1
3	中型盔甲(女)	0	1	1
4	命运之刃	0	1	1
4	屠龙	0	1	1
4	龙纹剑	0	1	1
4	嗜魂法杖	0	1	1
5	紫碧螺	0	1	1
5	泰坦戒指	0	1	1
5	幽灵手套	0	1	1
5	阎罗手套	0	1	1
5	龙之手镯	0	1	1
5	天珠项链	0	1	1
5	幽灵项链	0	1	1
3	头盔	0	1	1
4	骨玉权杖	0	1	1
5	神秘戒指	0	1	1
5	神秘腰带	0	1	1
3	神秘头盔	0	1	1
5	祈福项链	0	1	1
4	牢犯匕首	0	1	1
3	恶魔长袍(女)	0	1	1
3	恶魔长袍(男)	0	1	1
3	幽灵战衣(女)	0	1	1
3	幽灵战衣(男)	0	1	1
3	战神盔甲(男)	0	1	1
3	战神盔甲(女)	0	1	1
5	求婚戒指	0	1	1
3	圣战头盔	0	1	1
3	法神头盔	0	1	1
3	天尊头盔	0	1	1
5	圣战手镯	0	1	1
5	法神手镯	0	1	1
5	天尊手镯	0	1	1
5	圣战戒指	0	1	1
5	法神戒指	0	1	1
5	天尊戒指	0	1	1
5	圣战项链	0	1	1
5	法神项链	0	1	1
5	天尊项链	0	1	1
4	罗刹	0	1	1
4	赤血魔剑	0	1	1
5	魔血戒指	0	1	1
5	魔血手镯	0	1	1
5	魔血项链	0	1	1
5	虹魔戒指	0	1	1
5	虹魔手镯	0	1	1
5	虹魔项链	0	1	1
7	荣誉勋章11号	0	1	1
7	荣誉勋章12号	0	1	1
7	荣誉勋章13号	0	1	1
7	荣誉勋章14号	0	1	1
7	荣誉勋章15号	0	1	1
7	荣誉勋章21号	0	1	1
7	荣誉勋章22号	0	1	1
7	荣誉勋章23号	0	1	1
7	荣誉勋章24号	0	1	1
7	荣誉勋章25号	0	1	1
7	荣誉勋章31号	0	1	1
7	荣誉勋章32号	0	1	1
7	荣誉勋章33号	0	1	1
7	荣誉勋章34号	0	1	1
7	荣誉勋章35号	0	1	1
7	荣誉勋章41号	0	1	1
7	荣誉勋章42号	0	1	1
7	荣誉勋章43号	0	1	1
7	荣誉勋章44号	0	1	1
7	荣誉勋章45号	0	1	1
7	荣誉勋章51号	0	1	1
7	荣誉勋章52号	0	1	1
7	荣誉勋章53号	0	1	1
7	荣誉勋章54号	0	1	1
7	荣誉勋章55号	0	1	1
4	龙牙	0	1	1
4	怒斩	0	1	1
4	逍遥扇	0	1	1
4	留香	0	1	1
3	天魔神甲	0	1	1
3	法神披风	0	1	1
3	天尊道袍	0	1	1
3	圣战宝甲	0	1	1
3	霓裳羽衣	0	1	1
3	天师长袍	0	1	1
4	大风起兮云飞扬	0	1	1
4	几施经略挫雄豪	0	1	1
4	天下谁人不识君	0	1	1
4	雏凤清于老凤声	0	1	1
4	人生乐在相知心	0	1	1
4	只羡鸳鸯不羡仙	0	1	1
4	一代红装照汗青	0	1	1
4	霸者之刃	0	1	1
3	城主战袍(男)	0	1	1
3	城主战袍(女)	0	1	1
7	布鞋	0	1	1
7	鹿皮靴	0	1	1
7	紫绸靴	0	1	1
7	避魂靴	0	1	1
7	兽皮腰带	0	1	1
7	铁腰带	0	1	1
7	青铜腰带	0	1	1
7	钢铁腰带	0	1	1
3	雷霆战甲(男)	0	1	1
3	雷霆战甲(女)	0	1	1
5	雷霆项链	0	1	1
5	雷霆护腕	0	1	1
5	雷霆战戒	0	1	1
7	雷霆腰带	0	1	1
7	雷霆战靴	0	1	1
3	烈焰魔衣(男)	0	1	1
3	烈焰魔衣(女)	0	1	1
5	烈焰项链	0	1	1
5	烈焰护腕	0	1	1
5	烈焰魔戒	0	1	1
7	烈焰腰带	0	1	1
7	烈焰魔靴	0	1	1
3	光芒道袍(男)	0	1	1
3	光芒道袍(女)	0	1	1
5	光芒项链	0	1	1
5	光芒护腕	0	1	1
5	光芒道戒	0	1	1
7	光芒腰带	0	1	1
7	光芒道靴	0	1	1
4	开天	0	1	1
4	镇天	0	1	1
4	玄天	0	1	1
3	凤天魔甲	0	1	1
3	凰天魔衣	0	1	1
5	战神项链	0	1	1
5	战神手镯	0	1	1
5	战神戒指	0	1	1
5	圣魔项链	0	1	1
5	圣魔手镯	0	1	1
5	圣魔戒指	0	1	1
5	真魂项链	0	1	1
5	真魂戒指	0	1	1
5	真魂手镯	0	1	1
3	天龙盔	0	1	1
3	魔龙盔	0	1	1
3	圣龙盔	0	1	1
4	龙骨刀	0	1	1
3	龙骨甲(男)	0	1	1
3	龙骨甲(女)	0	1	1
5	龙骨戒	0	1	1
5	龙骨镯	0	1	1
5	龙骨链	0	1	1
3	龙骨盔	0	1	1
5	强化雷霆项链	0	1	1
5	强化雷霆护腕	0	1	1
5	强化雷霆战戒	0	1	1
7	强化雷霆战靴	0	1	1
7	强化雷霆腰带	0	1	1
5	强化烈焰项链	0	1	1
5	强化烈焰护腕	0	1	1
5	强化烈焰魔戒	0	1	1
7	强化烈焰魔靴	0	1	1
7	强化烈焰腰带	0	1	1
5	强化光芒项链	0	1	1
5	强化光芒护腕	0	1	1
5	强化光芒道戒	0	1	1
7	强化光芒道靴	0	1	1
7	强化光芒腰带	0	1	1
5	混世手镯	0	1	1
5	混世戒指	0	1	1
5	太极手镯	0	1	1
5	太极戒指	0	1	1
5	狂战手镯	0	1	1
5	狂战戒指	0	1	1
7	银星勋章(战)	0	1	1
7	银星勋章(法)	0	1	1
7	银星勋章(道)	0	1	1
5	寂静之手(战)	0	1	1
5	寂静之手(法)	0	1	1
5	寂静之手(道)	0	1	1
7	传说魔靴(战)	0	1	1
7	传说魔靴(法)	0	1	1
7	传说魔靴(道)	0	1	1
3	预言头盔(战)	0	1	1
3	预言头盔(法)	0	1	1
3	预言头盔(道)	0	1	1
7	誓言腰带(战)	0	1	1
7	誓言腰带(法)	0	1	1
7	誓言腰带(道)	0	1	1
3	星王战盔	0	1	1
3	星王法冠	0	1	1
3	星王道盔	0	1	1
7	星王腰带(战)	0	1	1
7	星王腰带(法)	0	1	1
7	星王腰带(道)	0	1	1
7	星王战靴	0	1	1
7	星王法靴	0	1	1
7	星王道靴	0	1	1
5	星王项链(战)	0	1	1
5	星王护腕(战)	0	1	1
5	星王战戒	0	1	1
5	星王项链(法)	0	1	1
5	星王护腕(法)	0	1	1
5	星王魔戒	0	1	1
5	星王项链(道)	0	1	1
5	星王道戒	0	1	1
5	星王护腕(道)	0	1	1
3	上古神甲(封印)	0	1	1
3	上古披风(封印)	0	1	1
3	上古道袍(封印)	0	1	1
3	上古宝甲(封印)	0	1	1
3	上古羽衣(封印)	0	1	1
3	上古长袍(封印)	0	1	1
3	上古神甲	0	1	1
3	上古宝甲	0	1	1
3	上古披风	0	1	1
3	上古羽衣	0	1	1
3	上古道袍	0	1	1
3	上古长袍	0	1	1
3	圣战头盔(封印)	0	1	1
5	圣战项链(封印)	0	1	1
5	圣战手镯(封印)	0	1	1
5	圣战戒指(封印)	0	1	1
3	法神头盔(封印)	0	1	1
5	法神项链(封印)	0	1	1
5	法神手镯(封印)	0	1	1
5	法神戒指(封印)	0	1	1
3	天尊头盔(封印)	0	1	1
5	天尊项链(封印)	0	1	1
5	天尊手镯(封印)	0	1	1
5	天尊戒指(封印)	0	1	1
3	天之圣战头盔	0	1	1
5	天之圣战项链	0	1	1
5	天之圣战手镯	0	1	1
5	天之圣战戒指	0	1	1
3	天之法神头盔	0	1	1
5	天之法神项链	0	1	1
5	天之法神手镯	0	1	1
5	天之法神戒指	0	1	1
3	天之天尊头盔	0	1	1
5	天之天尊项链	0	1	1
5	天之天尊手镯	0	1	1
5	天之天尊戒指	0	1	1
4	天之裁决	0	1	1
4	天之骨玉权杖	0	1	1
4	天之龙纹	0	1	1
4	天之屠龙	0	1	1
4	天之嗜魂法杖	0	1	1
4	天之逍遥扇	0	1	1
4	天之龙牙	0	1	1
4	天之怒斩	0	1	1
4	天之血饮	0	1	1
5	唤魔项链(封印)	0	1	1
5	唤魔手镯(封印)	0	1	1
5	唤魔戒指(封印)	0	1	1
5	唤魔项链(灰暗)	0	1	1
5	唤魔手镯(灰暗)	0	1	1
5	唤魔戒指(灰暗)	0	1	1
5	唤魔项链(流光)	0	1	1
5	唤魔手镯(流光)	0	1	1
5	唤魔戒指(流光)	0	1	1
5	唤魔项链(敏锐)	0	1	1
5	唤魔手镯(敏锐)	0	1	1
5	唤魔戒指(敏锐)	0	1	1
5	唤魔项链(天作)	0	1	1
5	唤魔手镯(天作)	0	1	1
5	唤魔戒指(天作)	0	1	1
5	唤魔项链(神雀)	0	1	1
5	唤魔手镯(神雀)	0	1	1
5	唤魔戒指(神雀)	0	1	1
5	雷泽项链(封印)	0	1	1
5	雷泽手镯(封印)	0	1	1
5	雷泽戒指(封印)	0	1	1
5	雷泽项链(坚硬)	0	1	1
5	雷泽手镯(坚硬)	0	1	1
5	雷泽戒指(坚硬)	0	1	1
5	雷泽项链(精纯)	0	1	1
5	雷泽手镯(精纯)	0	1	1
5	雷泽戒指(精纯)	0	1	1
5	雷泽项链(霸气)	0	1	1
5	雷泽手镯(霸气)	0	1	1
5	雷泽戒指(霸气)	0	1	1
5	雷泽项链(神力)	0	1	1
5	雷泽手镯(神力)	0	1	1
5	雷泽戒指(神力)	0	1	1
5	雷泽项链(神威)	0	1	1
5	雷泽手镯(神威)	0	1	1
5	雷泽戒指(神威)	0	1	1
5	启源项链(封印)	0	1	1
5	启源手镯(封印)	0	1	1
5	启源戒指(封印)	0	1	1
5	启源项链(暗淡)	0	1	1
5	启源手镯(暗淡)	0	1	1
5	启源戒指(暗淡)	0	1	1
5	启源项链(精良)	0	1	1
5	启源手镯(精良)	0	1	1
5	启源戒指(精良)	0	1	1
5	启源项链(凌厉)	0	1	1
5	启源手镯(凌厉)	0	1	1
5	启源戒指(凌厉)	0	1	1
5	启源项链(闪耀)	0	1	1
5	启源手镯(闪耀)	0	1	1
5	启源戒指(闪耀)	0	1	1
5	启源项链(天赐)	0	1	1
5	启源手镯(天赐)	0	1	1
5	启源戒指(天赐)	0	1	1
5	奔雷项链	0	1	1
5	奔雷护腕	0	1	1
5	奔雷战戒	0	1	1
5	怒焰项链	0	1	1
5	怒焰护腕	0	1	1
5	怒焰魔戒	0	1	1
5	极光项链	0	1	1
5	极光护腕	0	1	1
5	极光道戒	0	1	1
3	镇龙盔	0	1	1
3	镇魔盔	0	1	1
3	镇魂盔	0	1	1
3	黑铁头盔(封印)	0	1	1
3	黑铁头盔(极品)	0	1	1
3	黄金头盔	0	1	1
3	狂雷战盔	0	1	1
5	狂雷项链	0	1	1
5	狂雷战戒	0	1	1
5	狂雷护腕	0	1	1
7	狂雷腰带	0	1	1
7	狂雷战靴	0	1	1
3	逆火魔盔	0	1	1
5	逆火项链	0	1	1
5	逆火魔戒	0	1	1
5	逆火护腕	0	1	1
7	逆火腰带	0	1	1
7	逆火魔靴	0	1	1
3	通云道盔	0	1	1
5	通云项链	0	1	1
5	通云道戒	0	1	1
5	通云护腕	0	1	1
7	通云腰带	0	1	1
7	通云道靴	0	1	1
3	虎啸战甲(男)	0	1	1
3	虎啸战甲(女)	0	1	1
3	聚魔法衣(男)	0	1	1
3	聚魔法衣(女)	0	1	1
3	暗咒道袍(男)	0	1	1
3	暗咒道袍(女)	0	1	1
3	王者战甲(男)	0	1	1
3	王者战甲(女)	0	1	1
3	王者魔衣(男)	0	1	1
3	王者魔衣(女)	0	1	1
3	王者道袍(男)	0	1	1
3	王者道袍(女)	0	1	1
4	王者之刃	0	1	1
4	王者之杖	0	1	1
4	王者之剑	0	1	1
3	王者战盔	0	1	1
3	王者法冠	0	1	1
3	王者道盔	0	1	1
5	王者项链(战)	0	1	1
5	王者项链(法)	0	1	1
5	王者项链(道)	0	1	1
5	王者战戒	0	1	1
5	王者魔戒	0	1	1
5	王者道戒	0	1	1
5	王者护腕(战)	0	1	1
5	王者护腕(法)	0	1	1
5	王者护腕(道)	0	1	1
7	王者腰带(战)	0	1	1
7	王者腰带(法)	0	1	1
7	王者腰带(道)	0	1	1
7	王者战靴	0	1	1
7	王者法靴	0	1	1
7	王者道靴	0	1	1
7	王者勋章(战)	0	1	1
7	王者勋章(法)	0	1	1
7	王者勋章(道)	0	1	1
7	勇者勋章(战)	0	1	1
7	勇者勋章(法)	0	1	1
7	勇者勋章(道)	0	1	1
4	炎龙刃	0	1	1
4	雷龙杖	0	1	1
4	青龙刺	0	1	1
4	龙炎之刃	0	1	1
3	炎龙战盔	0	1	1
3	雷龙魔盔	0	1	1
3	青龙道盔	0	1	1
5	炎龙项链	0	1	1
5	雷龙项链	0	1	1
5	青龙项链	0	1	1
5	炎龙护腕	0	1	1
5	雷龙护腕	0	1	1
5	青龙护腕	0	1	1
5	炎龙战戒	0	1	1
5	雷龙魔戒	0	1	1
5	青龙道戒	0	1	1
7	炎龙腰带	0	1	1
7	雷龙腰带	0	1	1
7	青龙腰带	0	1	1
7	炎龙战靴	0	1	1
7	雷龙魔靴	0	1	1
7	青龙道靴	0	1	1
5	祝福项链(战)	0	1	1
5	祝福项链(法)	0	1	1
5	祝福项链(道)	0	1	1
3	金牛战盔	0	1	1
5	金牛护腕(战)	0	1	1
5	金牛战戒	0	1	1
5	金牛项链(战)	0	1	1
7	金牛腰带(战)	0	1	1
7	金牛战靴	0	1	1
3	金牛魔盔	0	1	1
5	金牛护腕(法)	0	1	1
5	金牛魔戒	0	1	1
5	金牛项链(法)	0	1	1
7	金牛腰带(法)	0	1	1
7	金牛魔靴	0	1	1
3	金牛道盔	0	1	1
5	金牛护腕(道)	0	1	1
5	金牛道戒	0	1	1
5	金牛项链(道)	0	1	1
7	金牛腰带(道)	0	1	1
7	金牛道靴	0	1	1
7	金牛勋章	0	1	1
3	金牛战甲(男)	0	1	1
3	金牛战甲(女)	0	1	1
3	金牛魔衣(男)	0	1	1
3	金牛魔衣(女)	0	1	1
3	金牛道袍(男)	0	1	1
3	金牛道袍(女)	0	1	1
4	金牛战斧	0	1	1
4	金牛魔杖	0	1	1
4	金牛道剑	0	1	1
4	天龙圣剑	0	1	1
4	天龙魔剑	0	1	1
4	天龙道剑	0	1	1
3	天龙圣衣(男)	0	1	1
3	天龙圣衣(女)	0	1	1
3	天龙魔衣(男)	0	1	1
3	天龙魔衣(女)	0	1	1
3	天龙道袍(男)	0	1	1
3	天龙道袍(女)	0	1	1
5	天龙战戒	0	1	1
5	天龙魔戒	0	1	1
5	天龙道戒	0	1	1
3	天龙战盔	0	1	1
3	天龙法冠	0	1	1
3	天龙道盔	0	1	1
5	天龙护腕(战)	0	1	1
5	天龙护腕(法)	0	1	1
5	天龙护腕(道)	0	1	1
7	天龙腰带(战)	0	1	1
7	天龙腰带(法)	0	1	1
7	天龙腰带(道)	0	1	1
7	天龙战靴	0	1	1
7	天龙魔靴	0	1	1
7	天龙道靴	0	1	1
5	天龙项链(战)	0	1	1
5	天龙项链(法)	0	1	1
5	天龙项链(道)	0	1	1
4	倚天	0	1	1
3	倚天战甲(男)	0	1	1
3	倚天战甲(女)	0	1	1
3	倚天魔衣(男)	0	1	1
3	倚天魔衣(女)	0	1	1
3	倚天道袍(男)	0	1	1
3	倚天道袍(女)	0	1	1
5	传奇之戒	0	1	1
5	传奇护腕	0	1	1
5	传奇项链	0	1	1
7	传奇之靴	0	1	1
7	传奇腰带	0	1	1
3	传奇之冠	0	1	1
7	传奇勋章	0	1	1
3	传奇神甲(男)	0	1	1
3	传奇神甲(女)	0	1	1
4	传奇神剑	0	1	1
4	传奇魔杖	0	1	1
4	传奇宝扇	0	1	1
2	火龙之心	0	1	1
1	护体神盾	0	1	1
1	护体神盾(主)	0	1	1
2	比奇传送石	0	1	1
2	盟重传送石	0	1	1
1	天工之锤	0	1	1
1	真视卷轴	0	1	1
1	真视秘籍	0	1	1
3	天之黑铁头盔	0	1	1
1	书页	0	1	1
1	绿宝石	0	1	1
1	无痕绿宝石	0	1	1
1	完美绿宝石	0	1	1
1	锦囊	0	1	1
2	聚气丹	0	1	1
2	归元丹	0	1	1
2	精元丹	0	1	1
2	灵虚丹(小)	0	1	1
2	灵虚丹(中)	0	1	1
2	灵虚丹(大)	0	1	1
1	还虚丹	0	1	1
1	玛法内功心法	0	1	1
7	竞技腰带(战)	0	1	1
7	竞技腰带(法)	0	1	1
7	竞技腰带(道)	0	1	1
7	竞技靴(战)	0	1	1
7	竞技靴(法)	0	1	1
7	竞技靴(道)	0	1	1
3	竞技头盔(战)	0	1	1
3	竞技头盔(法)	0	1	1
3	竞技头盔(道)	0	1	1
7	后羿金勋	0	1	1
7	后羿银勋	0	1	1
7	后羿铜勋	0	1	1
7	夸父勋章(金)	0	1	1
7	夸父勋章(银)	0	1	1
7	夸父勋章(铜)	0	1	1
1	幻境凭证	0	1	1
4	落魄神兵	0	1	1
1	灵符礼包	0	1	1
1	珍珑宝箱	0	1	1
1	珍珑钥匙	0	1	1
1	魔龙骨	0	1	1
1	魔龙牙	0	1	1
1	魔龙颚骨	0	1	1
1	雷霆绒丝	0	1	1
1	烈焰绒丝	0	1	1
1	光芒绒丝	0	1	1
1	牛	0	1	1
1	气	0	1	1
1	冲	0	1	1
1	天	0	1	1
4	热血之刃	0	1	1
4	英雄之刃	0	1	1
4	传奇战刃	0	1	1
4	传奇魔刃	0	1	1
4	传奇道刃	0	1	1
1	魔道麻痹图纸01	0	1	1
1	魔道麻痹图纸02	0	1	1
1	魔道麻痹图纸03	0	1	1
1	魔道麻痹图纸04	0	1	1
1	魔道麻痹图纸05	0	1	1
1	魔道麻痹图纸06	0	1	1
1	魔道麻痹图纸07	0	1	1
1	魔道麻痹图纸08	0	1	1
1	魔道麻痹图纸09	0	1	1
1	麻痹戒指图纸01	0	1	1
1	麻痹戒指图纸02	0	1	1
1	麻痹戒指图纸03	0	1	1
1	麻痹戒指图纸04	0	1	1
1	麻痹戒指图纸05	0	1	1
1	麻痹戒指图纸06	0	1	1
1	麻痹戒指图纸07	0	1	1
1	麻痹戒指图纸08	0	1	1
1	麻痹戒指图纸09	0	1	1
1	护身戒指图纸01	0	1	1
1	护身戒指图纸02	0	1	1
1	护身戒指图纸03	0	1	1
1	护身戒指图纸04	0	1	1
1	护身戒指图纸05	0	1	1
1	护身戒指图纸06	0	1	1
1	护身戒指图纸07	0	1	1
1	护身戒指图纸08	0	1	1
1	护身戒指图纸09	0	1	1
1	复活戒指图纸01	0	1	1
1	复活戒指图纸02	0	1	1
1	复活戒指图纸03	0	1	1
1	复活戒指图纸04	0	1	1
1	复活戒指图纸05	0	1	1
1	复活戒指图纸06	0	1	1
1	复活戒指图纸07	0	1	1
1	复活戒指图纸08	0	1	1
1	复活戒指图纸09	0	1	1
1	天赐神石	0	1	1
1	神机宝箱	0	1	1
1	神机钥匙	0	1	1
5	强化麻痹戒指	0	1	1
5	强化复活戒指	0	1	1
5	强化护身戒指	0	1	1
5	强化魔道戒指	0	1	1
5	虎威项链(战)	0	1	1
5	虎威项链(法)	0	1	1
5	虎威项链(道)	0	1	1
3	虎威战盔	0	1	1
3	虎威魔盔	0	1	1
3	虎威道盔	0	1	1
5	虎威护腕(战)	0	1	1
5	虎威护腕(法)	0	1	1
5	虎威护腕(道)	0	1	1
5	虎威战戒	0	1	1
5	虎威魔戒	0	1	1
5	虎威道戒	0	1	1
7	虎威腰带(战)	0	1	1
7	虎威腰带(法)	0	1	1
7	虎威腰带(道)	0	1	1
7	虎威战靴	0	1	1
7	虎威魔靴	0	1	1
7	虎威道靴	0	1	1
3	必杀战盔	0	1	1
5	必杀项链(战)	0	1	1
5	必杀护腕(战)	0	1	1
5	必杀战戒	0	1	1
7	必杀腰带(战)	0	1	1
7	必杀战靴	0	1	1
3	必杀魔盔	0	1	1
5	必杀项链(法)	0	1	1
5	必杀护腕(法)	0	1	1
5	必杀魔戒	0	1	1
7	必杀腰带(法)	0	1	1
7	必杀魔靴	0	1	1
3	必杀道盔	0	1	1
5	必杀项链(道)	0	1	1
5	必杀护腕(道)	0	1	1
5	必杀道戒	0	1	1
7	必杀腰带(道)	0	1	1
7	必杀道靴	0	1	1
3	辉煌战甲(男)	0	1	1
3	辉煌战甲(女)	0	1	1
3	辉煌魔衣(男)	0	1	1
3	辉煌魔衣(女)	0	1	1
3	辉煌道袍(男)	0	1	1
3	辉煌道袍(女)	0	1	1
4	主宰神剑	0	1	1
3	主宰神甲(男)	0	1	1
3	主宰神甲(女)	0	1	1
5	主宰项链	0	1	1
5	主宰护腕	0	1	1
5	主宰之戒	0	1	1
3	主宰之冠	0	1	1
7	主宰腰带	0	1	1
7	主宰之靴	0	1	1
7	主宰勋章	0	1	1
4	热血战刃	0	1	1
4	热血魔杖	0	1	1
4	热血宝扇	0	1	1
3	热血战甲(男)	0	1	1
3	热血战甲(女)	0	1	1
3	热血魔衣(男)	0	1	1
3	热血魔衣(女)	0	1	1
3	热血道袍(男)	0	1	1
3	热血道袍(女)	0	1	1
3	热血战盔	0	1	1
3	热血法冠	0	1	1
3	热血道盔	0	1	1
5	热血项链(战)	0	1	1
5	热血项链(法)	0	1	1
5	热血项链(道)	0	1	1
5	热血护腕(战)	0	1	1
5	热血护腕(法)	0	1	1
5	热血护腕(道)	0	1	1
5	热血战戒	0	1	1
5	热血魔戒	0	1	1
5	热血道戒	0	1	1
7	热血腰带(战)	0	1	1
7	热血腰带(法)	0	1	1
7	热血腰带(道)	0	1	1
7	热血战靴	0	1	1
7	热血魔靴	0	1	1
7	热血道靴	0	1	1
7	热血战勋	0	1	1
7	热血法勋	0	1	1
7	热血道勋	0	1	1
1	王者秘境凭证	0	1	1
2	强效疗伤药	0	1	1
1	强效疗伤药包	0	1	1
1	古籍残片(小)	0	1	1
1	古籍残片(中)	0	1	1
1	古籍残片(大)	0	1	1
1	藏宝令	0	1	1
1	避雷符	0	1	1
4	黄金裁决	0	1	1
4	紫金嗜魂法杖	0	1	1
4	赤金逍遥扇	0	1	1
1	乾坤令	0	1	1
1	乾坤令包	0	1	1
1	唯我独尊	0	1	1
1	主号独尊第二卷	0	1	1
1	主号独尊第三卷	0	1	1
1	英雄独尊第二卷	0	1	1
1	英雄独尊第三卷	0	1	1
1	四级破魂斩	0	1	1
1	四级劈星斩	0	1	1
1	四级雷霆一击	0	1	1
1	四级噬魂沼泽	0	1	1
1	四级末日审判	0	1	1
1	四级火龙气焰	0	1	1
1	合击提升书	0	1	1
1	暴击术	0	0	0
1	潜行术	0	0	0
1	致残毒药	0	1	1
1	精准术	0	1	1
1	旋风腿	0	1	1
1	鬼灵步	0	1	1
1	炎龙波	0	1	1
1	冷酷	0	1	1
1	火镰狂舞	0	1	1
1	怒之暴击术	0	1	1
1	静之暴击术	0	1	1
1	怒之炎龙波	0	1	1
1	静之炎龙波	0	1	1
1	怒之火镰狂舞	0	1	1
1	静之火镰狂舞	0	1	1
1	血魄一击(刺)	0	1	1
1	灭日龙轰	0	1	1
1	赤炎星爆	0	1	1
1	冲虚闪	0	1	1
1	四级暴击术	0	1	1
1	四级炎龙波	0	1	1
1	四级火镰狂舞	0	1	1
1	四级灭日龙轰	0	1	1
1	四级赤炎星爆	0	1	1
1	四级冲虚闪	0	1	1
4	柴刀	0	0	0
4	双刀	0	0	0
4	冰月戟	0	1	1
4	追魂	0	1	1
4	赤影	0	1	1
4	龙爪手	0	1	1
4	霜影	0	1	1
4	黯灭轮	0	1	1
4	破天	0	1	1
4	魅影之吻	0	1	1
4	金牛翎	0	1	1
4	天龙翎	0	1	1
4	传奇刺刃	0	1	1
4	主宰刺刃	0	1	1
3	刺客短袍(男)	0	1	1
3	刺客短袍(女)	0	1	1
3	风侠短袍(男)	0	1	1
3	风侠短袍(女)	0	1	1
3	耀阳赤衣	0	1	1
3	暗影赤衣	0	1	1
3	风行盾甲(男)	0	1	1
3	风行盾甲(女)	0	1	1
3	潜龙神甲	0	1	1
3	逆火软甲	0	1	1
3	王者幻甲(男)	0	1	1
3	王者幻甲(女)	0	1	1
3	金牛刺甲(男)	0	1	1
3	金牛刺甲(女)	0	1	1
3	天龙刺甲(男)	0	1	1
3	天龙刺甲(女)	0	1	1
3	传奇刺甲(男)	0	1	1
3	传奇刺甲(女)	0	1	1
3	主宰刺甲(男)	0	1	1
3	主宰刺甲(女)	0	1	1
5	芒星戒指	0	1	1
5	芒星手镯	0	1	1
5	芒星项链	0	1	1
5	暴风戒指	0	1	1
5	暴风手镯	0	1	1
5	暴风项链	0	1	1
3	暴风头盔	0	1	1
5	风行戒指	0	1	1
5	风行护腕	0	1	1
5	风行项链	0	1	1
7	风行靴	0	1	1
7	风行腰带	0	1	1
5	强化风行戒指	0	1	1
5	强化风行护腕	0	1	1
5	强化风行项链	0	1	1
7	强化风行靴	0	1	1
7	强化风行腰带	0	1	1
5	避魂戒指	0	1	1
5	避魂护腕	0	1	1
5	闪影戒指	0	1	1
5	闪影手镯	0	1	1
5	闪影项链	0	1	1
5	冥王戒指	0	1	1
5	冥王手镯	0	1	1
5	冥王项链	0	1	1
3	冥王头箍	0	1	1
7	冥王靴	0	1	1
7	冥王腰带	0	1	1
5	魅影戒指	0	1	1
5	魅影手镯	0	1	1
5	魅影项链	0	1	1
3	魅影头箍	0	1	1
7	魅影靴	0	1	1
7	魅影腰带	0	1	1
5	金牛刺戒	0	1	1
5	金牛护腕(刺)	0	1	1
5	金牛项链(刺)	0	1	1
7	金牛刺靴	0	1	1
7	金牛腰带(刺)	0	1	1
3	金牛刺盔	0	1	1
5	天龙刺靴	0	1	1
5	天龙项链(刺)	0	1	1
5	天龙刺戒	0	1	1
7	天龙腰带(刺)	0	1	1
7	天龙护腕(刺)	0	1	1
3	天龙刺盔	0	1	1
5	青铜戒指	0	0	0
5	翡翠戒指	0	0	0
5	紫玉戒指	0	0	0
5	红木护腕	0	0	0
5	祝福项链(刺)	0	1	1
5	琥珀戒指	0	1	1
5	象骨护腕	0	1	1
5	十方项链	0	1	1
7	荣誉勋章16号	0	1	1
7	荣誉勋章26号	0	1	1
7	荣誉勋章36号	0	1	1
7	荣誉勋章46号	0	1	1
7	荣誉勋章56号	0	1	1
7	银星勋章(刺)	0	1	1
7	勇者勋章(刺)	0	1	1
7	王者勋章(刺)	0	1	1
7	传说魔靴(刺)	0	1	1
3	预言头盔(刺)	0	1	1
7	誓言腰带(刺)	0	1	1
7	竞技腰带(刺)	0	1	1
7	竞技靴(刺)	0	1	1
3	竞技头盔(刺)	0	1	1
1	藏宝图01	0	1	1
1	藏宝图02	0	1	1
1	藏宝图03	0	1	1
1	藏宝图04	0	1	1
1	藏宝图05	0	1	1
1	藏宝图06	0	1	1
1	藏宝图07	0	1	1
1	藏宝图08	0	1	1
1	藏宝图09	0	1	1
1	藏宝图10	0	1	1
1	藏宝图11	0	1	1
1	藏宝图12	0	1	1
1	藏宝图13	0	1	1
1	藏宝图14	0	1	1
1	藏宝图15	0	1	1
1	藏宝图16	0	1	1
1	藏宝图17	0	1	1
1	藏宝图18	0	1	1
1	藏宝图19	0	1	1
1	藏宝图20	0	1	1
1	藏宝图331	0	1	1
1	藏宝图332	0	1	1
1	藏宝图333	0	1	1
1	藏宝图334	0	1	1
1	藏宝图335	0	1	1
1	藏宝图336	0	1	1
1	藏宝图337	0	1	1
1	藏宝图338	0	1	1
1	藏宝图341	0	1	1
1	藏宝图342	0	1	1
1	藏宝图343	0	1	1
1	藏宝图344	0	1	1
1	藏宝图345	0	1	1
1	藏宝图346	0	1	1
1	藏宝图347	0	1	1
1	藏宝图348	0	1	1
1	风行绒丝	0	1	1
3	城主刺袍(男)	0	1	1
3	城主刺袍(女)	0	1	1
